0.275578 984
0.275484 1172
0.258161 1176
0.266052 1176
0.280451 1176
0.264428 1176
0.280877 1180
0.390147 1180
0.378093 1180
0.381492 1180
0.378653 1180
0.381416 1180
0.380700 1180
0.382518 1180
0.389369 1180
0.389237 1180
0.389639 1180
0.576775 1180
0.277150 1180
0.328329 1180
0.351964 1180
0.390038 1180
0.375664 1180
0.310790 1180
0.396104 1180
0.401996 1180
0.400790 1180
0.404487 1180
0.744570 1180
0.291815 1180
0.293950 1180
0.324148 1180
0.329215 1180
0.369630 1180
0.583561 1180
0.711830 1180
0.285005 1180
0.288113 1180
0.286962 1180
0.267581 1180
0.314753 1180
0.346170 1180
0.620701 1180
0.363688 1180
0.341234 1180
0.355918 1180
0.363413 1180
0.291663 1180
0.236041 1180
0.285737 1180
