111621 984 11,8
111621 1180 6,7
111621 1188 6,2
111621 1196 6,7
111621 1328 6,7
111621 1336 12,5
111621 1340 13,3
111621 1344 6,2
111621 1348 6,7
111621 1352 12,5
111621 1356 12,5
111621 1364 6,7
111621 1368 6,7
111621 1380 12,5
111621 1380 12,5
111621 1388 6,7
111621 1392 6,2
111621 1396 6,7
111621 1724 6,7
111621 1732 6,2
111621 1736 6,7
111621 1744 0,0
111621 1748 12,5
111621 1756 6,7
111621 1764 6,2
111621 1724 0,0
111621 1736 6,7
111621 1740 6,2
111621 1636 13,3
111621 1644 6,2
111621 1648 12,5
111621 1528 11,8
111805 1180 5,9
111805 1184 12,5
111805 1192 0,0
111805 1196 13,3
111805 1200 0,0
111805 1204 6,2
111805 1208 20,0
111805 1212 6,2
111805 1216 6,7
111805 1220 12,5
111805 1224 12,5
111805 1232 6,7
111805 1236 6,2
111805 1244 6,7
111805 1252 6,2
111805 1260 13,3
111805 1268 6,2
111805 1276 12,5
111805 1280 0,0
111805 1288 6,2
111805 1292 6,7
111805 1300 13,3
111805 1304 6,2
111805 1724 12,5
111805 1732 6,7
111805 1736 6,2
111805 1748 12,5
111805 1752 6,2
111805 1680 6,2
111805 1576 13,3
111805 1580 6,2
111805 1512 13,3
111987 944 6,2
111987 1076 13,3
111987 1080 0,0
111987 1084 18,8
111987 1092 6,7
111987 1100 6,2
111987 1104 6,7
111987 1112 6,2
111987 1112 6,7
111987 1116 12,5
111987 1120 6,7
111987 1124 12,5
111987 1128 6,2
111987 1136 6,7
111987 1144 12,5
111987 1144 6,7
111987 1152 13,3
111987 1156 6,2
111987 1160 6,7
111987 1164 6,7
111987 1172 6,2
111987 1180 6,7
111987 1192 12,5
111987 1196 6,2
111987 1204 6,7
111987 1216 6,7
111987 1224 6,2
111987 1228 6,7
111987 1240 13,3
111987 1312 12,5
111987 1324 12,5
111987 1328 18,8
112171 936 5,9
112171 1132 12,5
112171 1140 6,2
112171 1144 6,7
112171 1148 6,2
112171 1156 6,7
112171 1160 12,5
112171 1168 6,2
112171 1172 6,7
112171 1180 13,3
112171 1184 12,5
112171 1192 6,7
112171 1196 6,2
112171 1200 12,5
112171 1204 6,7
112171 1212 12,5
112171 1216 6,7
112171 1228 13,3
112171 1232 6,2
112171 1240 6,2
112171 1244 6,7
112171 1252 13,3
112171 1252 12,5
112171 1260 6,7
112171 1268 6,7
112171 1272 12,5
112171 1280 6,7
112171 1288 6,7
112171 1296 6,2
112171 1304 13,3
112171 1372 6,7
112171 1684 6,2
112171 1688 26,7
112361 1036 6,2
112361 1104 6,2
112361 1108 5,9
112361 1116 6,2
112361 1120 13,3
112361 1128 6,2
112361 1132 6,2
112361 1140 13,3
112361 1140 13,3
112361 1148 12,5
112361 1152 6,2
112361 1160 6,7
112361 1164 12,5
112361 1176 6,2
112361 1176 6,7
112361 1180 13,3
112361 1184 0,0
112361 1192 13,3
112361 1196 6,7
112361 1200 12,5
112361 1208 6,7
112361 1216 6,7
112361 1220 12,5
112361 1224 6,7
112361 1232 6,2
112361 1372 6,7
112361 1376 13,3
112361 1384 6,2
112361 1388 6,2
112361 1400 13,3
112361 1408 6,7
112361 1852 25,0
112542 948 6,2
112542 1080 12,5
112542 1084 13,3
112542 1088 6,2
112542 1160 6,2
112542 1164 6,7
112542 1168 18,8
112542 1176 0,0
112542 1180 13,3
112542 1184 6,2
112542 1192 6,2
112542 1196 13,3
112542 1200 6,7
112542 1208 12,5
112542 1216 6,7
112542 1220 6,2
112542 1228 6,2
112542 1232 6,7
112542 1236 6,2
112542 1240 13,3
112542 1244 0,0
112542 1248 12,5
112542 1260 6,7
112542 1268 12,5
112542 1280 6,2
112542 1284 12,5
112542 1716 6,2
112542 1720 6,7
112542 1728 6,7
112542 1728 12,5
112542 1728 6,7
112542 1744 6,2
112723 940 18,8
112723 1136 13,3
112723 1140 12,5
112723 1144 6,2
112723 1148 6,2
112723 1152 6,2
112723 1160 13,3
112723 1164 6,2
112723 1172 6,7
112723 1176 6,2
112723 1176 6,2
112723 1180 13,3
112723 1180 6,7
112723 1192 18,8
112723 1196 6,7
112723 1204 6,2
112723 1208 6,2
112723 1212 6,2
112723 1220 18,8
112723 1232 6,7
112723 1240 12,5
112723 1248 6,2
112723 1260 6,7
112723 1332 6,2
112723 1340 13,3
112723 1344 12,5
112723 1348 6,2
112723 1360 6,2
112723 1368 13,3
112723 1372 6,2
112723 1872 6,2
112723 1872 13,3
112914 940 12,5
112914 1140 6,2
112914 1144 6,2
112914 1144 0,0
112914 1148 13,3
112914 1152 6,2
112914 1224 13,3
112914 1228 6,7
112914 1236 12,5
112914 1236 13,3
112914 1248 0,0
112914 1252 6,7
112914 1256 13,3
112914 1264 6,2
112914 1268 6,7
112914 1272 12,5
112914 1280 6,2
112914 1284 13,3
112914 1288 12,5
112914 1292 6,2
112914 1300 13,3
112914 1308 6,2
112914 1312 13,3
112914 1316 6,2
112914 1320 6,2
112914 1336 6,2
112914 1340 18,8
112914 1344 6,7
112914 1356 6,2
112914 1368 6,7
112914 1376 13,3
112914 1384 6,7
113095 1040 0,0
113095 1108 11,8
113095 1112 13,3
113095 1120 6,2
113095 1128 6,7
113095 1132 12,5
113095 1140 6,2
113095 1144 6,7
113095 1152 6,2
113095 1156 6,2
113095 1160 6,7
113095 1168 12,5
113095 1172 13,3
113095 1180 6,2
113095 1184 6,2
113095 1188 6,7
113095 1192 12,5
113095 1332 12,5
113095 1336 6,7
113095 1344 6,2
113095 1344 6,7
113095 1352 13,3
113095 1360 12,5
113095 1368 6,7
113095 1372 6,2
113095 1376 6,7
113095 1384 13,3
113095 1392 12,5
113095 1400 6,7
113095 1404 6,2
113095 1412 13,3
113095 1416 6,2
113276 1036 11,8
113276 1108 13,3
113276 1112 6,2
113276 1112 12,5
113276 1116 18,8
113276 1120 6,2
113276 1128 6,7
113276 1132 6,2
113276 1136 13,3
113276 1136 6,7
113276 1144 6,2
113276 1152 13,3
113276 1156 6,7
113276 1172 12,5
113276 1180 13,3
113276 1184 12,5
113276 1192 13,3
113276 1328 6,2
113276 1336 6,7
113276 1340 6,7
113276 1348 18,8
113276 1356 6,7
113276 1364 6,2
113276 1372 12,5
113276 1380 6,7
113276 1828 6,7
113276 1832 6,2
113276 1836 13,3
113276 1804 6,2
113276 1812 13,3
113276 1816 13,3
113276 1536 18,8
113462 1204 6,2
113462 1208 6,7
113462 1208 12,5
113462 1216 13,3
113462 1220 6,2
113462 1224 6,2
113462 1228 13,3
113462 1236 6,2
113462 1240 13,3
113462 1244 6,7
113462 1248 12,5
113462 1252 13,3
113462 1256 6,7
113462 1268 6,2
113462 1272 6,7
113462 1276 12,5
113462 1280 6,2
113462 1288 6,7
113462 1296 13,3
113462 1304 12,5
113462 1312 6,2
113462 1316 13,3
113462 1388 6,2
113462 1888 6,7
113462 1892 13,3
113462 1900 6,7
113462 1904 6,2
113462 1912 13,3
113462 1920 6,7
113462 1928 6,2
113462 1936 6,2
113462 1692 12,5
113644 988 12,5
113644 1316 6,2
113644 1324 12,5
113644 1328 6,7
113644 1332 6,2
113644 1340 12,5
113644 1340 6,7
113644 1344 0,0
113644 1352 12,5
113644 1356 6,7
113644 1360 12,5
113644 1364 6,2
113644 1368 13,3
113644 1372 6,2
113644 1380 13,3
113644 1388 18,8
113644 1392 6,2
113644 1404 13,3
113644 1412 13,3
113644 1420 6,2
113644 1428 6,2
113644 1432 6,7
113644 1440 6,2
113644 1444 6,2
113644 1448 6,7
113644 1456 6,7
113644 1460 6,2
113644 1464 13,3
113644 1472 12,5
113644 1484 6,7
113644 1492 6,7
113644 1496 18,8
113825 1036 6,2
113825 1104 6,2
113825 1108 6,7
113825 1112 18,8
113825 1116 6,7
113825 1120 6,7
113825 1128 6,2
113825 1132 6,7
113825 1136 12,5
113825 1268 6,7
113825 1268 12,5
113825 1276 6,2
113825 1284 6,2
113825 1292 6,7
113825 1296 6,2
113825 1296 13,3
113825 1304 6,2
113825 1312 12,5
113825 1320 6,7
113825 1328 6,2
113825 1332 13,3
113825 1340 6,2
113825 1348 6,2
113825 1360 13,3
113825 1368 6,2
113825 1372 13,3
113825 1380 6,2
113825 1384 6,2
113825 1388 12,5
113825 1396 6,7
113825 1840 6,2
113825 1844 20,0
114006 948 12,5
114006 1084 13,3
114006 1088 6,2
114006 1096 13,3
114006 1100 6,2
114006 1104 12,5
114006 1112 6,7
114006 1116 6,2
114006 1120 13,3
114006 1124 6,7
114006 1124 12,5
114006 1128 6,7
114006 1136 6,7
114006 1144 12,5
114006 1152 6,2
114006 1156 12,5
114006 1156 6,2
114006 1160 13,3
114006 1172 6,2
114006 1176 13,3
114006 1184 6,2
114006 1188 12,5
114006 1196 6,7
114006 1204 13,3
114006 1208 0,0
114006 1216 20,0
114006 1220 6,2
114006 1228 6,2
114006 1240 0,0
114006 1248 13,3
114006 1256 12,5
114006 1272 6,2
114198 932 0,0
114198 1128 12,5
114198 1136 13,3
114198 1140 6,7
114198 1140 6,2
114198 1148 13,3
114198 1156 13,3
114198 1160 6,2
114198 1164 13,3
114198 1168 6,7
114198 1176 6,2
114198 1180 13,3
114198 1184 6,2
114198 1252 12,5
114198 1260 13,3
114198 1264 6,2
114198 1268 6,7
114198 1272 6,2
114198 1280 12,5
114198 1292 6,7
114198 1296 6,2
114198 1304 6,7
114198 1312 13,3
114198 1320 12,5
114198 1324 6,7
114198 1772 12,5
114198 1732 6,2
114198 1736 13,3
114198 1744 6,2
114198 1748 6,2
114198 1760 13,3
114198 1656 6,2
114379 932 6,2
114379 1128 6,2
114379 1132 12,5
114379 1136 6,2
114379 1140 6,7
114379 1144 6,2
114379 1148 6,7
114379 1152 13,3
114379 1160 6,2
114379 1160 12,5
114379 1168 13,3
114379 1172 0,0
114379 1176 18,8
114379 1180 6,2
114379 1188 6,7
114379 1192 13,3
114379 1200 6,2
114379 1212 13,3
114379 1216 6,7
114379 1216 6,2
114379 1228 12,5
114379 1236 6,7
114379 1244 6,2
114379 1744 13,3
114379 1756 6,7
114379 1764 6,2
114379 1772 6,7
114379 1780 6,2
114379 1788 12,5
114379 1796 12,5
114379 1800 6,2
114379 1688 6,7
114379 1692 18,8
114582 1104 18,8
114582 1108 12,5
114582 1116 6,7
114582 1120 6,2
114582 1120 6,2
114582 1128 13,3
114582 1132 6,7
114582 1140 6,2
114582 1144 12,5
114582 1152 6,7
114582 1156 13,3
114582 1160 12,5
114582 1160 26,7
114582 1168 18,8
114582 1168 12,5
114582 1172 18,8
114582 1180 13,3
114582 1180 12,5
114582 1188 12,5
114582 1192 12,5
114582 1196 12,5
114582 1208 13,3
114582 1220 12,5
114582 1220 12,5
114582 1228 13,3
114582 1232 6,7
114582 1236 12,5
114582 1244 6,2
114582 1252 20,0
114582 1260 12,5
114582 1268 6,2
114582 1780 13,3
114790 948 12,5
114790 948 12,5
114790 1144 6,7
114790 1148 6,2
114790 1220 6,7
114790 1224 6,2
114790 1224 6,7
114790 1228 6,7
114790 1236 12,5
114790 1244 6,7
114790 1252 13,3
114790 1260 6,2
114790 1264 12,5
114790 1272 6,7
114790 1276 12,5
114790 1284 12,5
114790 1288 6,7
114790 1296 12,5
114790 1300 6,7
114790 1304 13,3
114790 1308 13,3
114790 1312 6,2
114790 1832 12,5
114790 1836 12,5
114790 1824 6,2
114790 1832 6,7
114790 1816 13,3
114790 1816 6,2
114790 1812 6,7
114790 1788 12,5
114790 1728 13,3
114790 1736 13,3
114975 948 5,9
114975 1080 6,2
114975 1084 13,3
114975 1092 6,7
114975 1096 6,2
114975 1100 13,3
114975 1104 6,2
114975 1112 6,7
114975 1116 13,3
114975 1124 6,2
114975 1128 13,3
114975 1136 6,7
114975 1144 12,5
114975 1148 6,7
114975 1156 6,7
114975 1160 12,5
114975 1228 12,5
114975 1232 6,7
114975 1236 6,2
114975 1244 12,5
114975 1256 13,3
114975 1264 6,2
114975 1268 6,7
114975 1272 12,5
114975 1732 6,7
114975 1736 12,5
114975 1732 12,5
114975 1736 6,7
114975 1744 6,2
114975 1748 6,2
114975 1752 25,0
114975 1696 6,7
114975 1708 25,0
115156 988 12,5
115156 996 6,2
115156 1000 6,2
115156 1008 13,3
115156 1012 6,2
115156 1012 13,3
115156 1020 6,7
115156 1024 12,5
115156 1028 6,7
115156 1036 6,2
115156 1044 6,7
115156 1048 20,0
115156 1052 6,2
115156 1056 6,7
115156 1196 13,3
115156 1200 6,2
115156 1204 6,2
115156 1216 13,3
115156 1220 6,2
115156 1228 12,5
115156 1236 13,3
115156 1236 6,2
115156 1244 6,7
115156 1248 6,2
115156 1256 13,3
115156 1260 6,7
115156 1264 12,5
115156 1280 6,2
115156 1284 13,3
115156 1668 12,5
115156 1660 13,3
115156 1528 18,8
115341 1008 0,0
115341 1204 12,5
115341 1208 13,3
115341 1212 6,2
115341 1216 12,5
115341 1224 6,7
115341 1232 13,3
115341 1236 6,2
115341 1244 13,3
115341 1252 12,5
115341 1256 6,2
115341 1256 6,7
115341 1264 6,2
115341 1268 6,2
115341 1276 6,7
115341 1344 12,5
115341 1356 6,2
115341 1356 13,3
115341 1364 6,2
115341 1368 6,7
115341 1872 12,5
115341 1876 13,3
115341 1880 6,2
115341 1888 6,2
115341 1896 6,7
115341 1900 6,2
115341 1904 12,5
115341 1912 6,7
115341 1900 6,2
115341 1912 12,5
115341 1916 6,7
115341 1788 6,2
115522 936 6,2
115522 936 6,2
115522 1132 6,2
115522 1136 18,8
115522 1140 6,7
115522 1144 6,2
115522 1148 13,3
115522 1156 6,7
115522 1164 6,2
115522 1168 13,3
115522 1176 13,3
115522 1180 6,2
115522 1184 6,2
115522 1192 13,3
115522 1196 12,5
115522 1200 18,8
115522 1212 6,2
115522 1216 6,2
115522 1224 13,3
115522 1232 6,2
115522 1240 12,5
115522 1244 6,7
115522 1252 6,2
115522 1256 6,2
115522 1260 6,7
115522 1332 13,3
115522 1336 6,2
115522 1348 6,7
115522 1352 6,7
115522 1856 6,2
115522 1744 26,7
115522 1752 6,7
115522 1764 6,2
115726 1076 6,2
115726 1076 6,7
115726 1080 12,5
115726 1084 13,3
115726 1092 6,2
115726 1096 6,7
115726 1104 6,7
115726 1112 12,5
115726 1116 6,7
115726 1124 12,5
115726 1128 6,7
115726 1140 6,2
115726 1144 6,2
115726 1148 13,3
115726 1156 6,2
115726 1156 25,0
115726 1164 6,7
115726 1168 0,0
115726 1176 6,7
115726 1184 6,2
115726 1192 6,7
115726 1196 6,7
115726 1204 6,2
115726 1208 6,7
115726 1212 6,7
115726 1220 6,2
115726 1228 18,8
115726 1240 12,5
115726 1244 12,5
115726 1252 6,7
115726 1724 13,3
115726 1512 17,6
115907 948 6,2
115907 1080 6,7
115907 1084 12,5
115907 1092 6,7
115907 1096 6,7
115907 1100 12,5
115907 1100 6,7
115907 1104 12,5
115907 1116 6,2
115907 1120 13,3
115907 1132 6,2
115907 1132 6,2
115907 1140 6,7
115907 1144 12,5
115907 1152 12,5
115907 1160 6,7
115907 1168 6,2
115907 1172 18,8
115907 1180 6,7
115907 1248 6,2
115907 1252 12,5
115907 1256 13,3
115907 1268 6,2
115907 1736 6,2
115907 1740 6,7
115907 1744 6,2
115907 1748 6,7
115907 1760 12,5
115907 1768 13,3
115907 1772 6,7
115907 1784 12,5
115907 1700 6,2
116089 948 0,0
116089 1080 6,2
116089 1084 13,3
116089 1084 12,5
116089 1092 6,2
116089 1100 6,7
116089 1104 13,3
116089 1112 6,2
116089 1116 13,3
116089 1120 6,2
116089 1124 6,2
116089 1132 13,3
116089 1132 13,3
116089 1140 6,2
116089 1144 12,5
116089 1148 12,5
116089 1156 13,3
116089 1160 6,2
116089 1232 13,3
116089 1240 6,2
116089 1244 12,5
116089 1252 13,3
116089 1260 0,0
116089 1264 12,5
116089 1272 6,7
116089 1276 12,5
116089 1288 6,2
116089 1296 20,0
116089 1304 6,7
116089 1308 6,2
116089 1752 13,3
116089 1760 6,2
116089 1544 18,8
116294 936 5,9
116294 1132 0,0
116294 1140 6,7
116294 1140 6,7
116294 1148 6,2
116294 1152 6,7
116294 1156 12,5
116294 1164 20,0
116294 1168 6,2
116294 1176 6,2
116294 1180 6,7
116294 1184 6,2
116294 1188 12,5
116294 1192 6,7
116294 1192 12,5
116294 1200 13,3
116294 1208 6,2
116294 1212 6,7
116294 1220 12,5
116294 1224 12,5
116294 1228 6,2
116294 1236 12,5
116294 1244 6,7
116294 1248 13,3
116294 1256 12,5
116294 1260 0,0
116294 1268 12,5
116294 1276 6,2
116294 1284 12,5
116294 1288 6,7
116294 1364 12,5
116294 1376 6,7
116511 1180 6,2
116511 1188 0,0
116511 1192 0,0
116511 1196 0,0
116511 1204 6,2
116511 1208 13,3
116511 1212 12,5
116511 1220 6,7
116511 1224 6,7
116511 1228 12,5
116511 1232 6,7
116511 1232 6,2
116511 1240 6,2
116511 1248 6,7
116511 1252 6,2
116511 1260 12,5
116511 1396 12,5
116511 1400 13,3
116511 1408 6,2
116511 1412 12,5
116511 1416 6,7
116511 1420 6,7
116511 1428 6,2
116511 1436 12,5
116511 1440 6,7
116511 1452 6,2
116511 1460 20,0
116511 1472 0,0
116511 1472 12,5
116511 1808 13,3
116511 1748 6,2
116511 1688 20,0
116699 1132 6,2
116699 1132 13,3
116699 1140 6,2
116699 1144 6,7
116699 1148 6,7
116699 1152 6,2
116699 1156 13,3
116699 1164 6,2
116699 1164 6,7
116699 1168 6,2
116699 1172 13,3
116699 1180 12,5
116699 1188 13,3
116699 1196 6,2
116699 1200 6,2
116699 1200 13,3
116699 1204 6,2
116699 1212 12,5
116699 1220 6,7
116699 1224 18,8
116699 1296 6,2
116699 1308 6,7
116699 1316 12,5
116699 1324 6,2
116699 1328 13,3
116699 1332 6,2
116699 1336 6,7
116699 1352 13,3
116699 1760 6,2
116699 1764 13,3
116699 1776 6,2
116699 1780 12,5
116895 984 5,9
116895 1180 11,8
116895 1184 6,7
116895 1192 6,2
116895 1196 6,2
116895 1200 13,3
116895 1204 12,5
116895 1336 6,2
116895 1344 13,3
116895 1348 18,8
116895 1360 6,7
116895 1364 12,5
116895 1372 6,7
116895 1376 6,2
116895 1380 6,7
116895 1388 12,5
116895 1392 13,3
116895 1400 6,2
116895 1408 6,2
116895 1416 6,7
116895 1420 6,2
116895 1428 12,5
116895 1432 6,7
116895 1440 12,5
116895 1444 13,3
116895 1452 6,2
116895 1460 13,3
116895 1464 0,0
116895 1472 6,2
116895 1476 6,7
116895 1792 12,5
116895 1628 12,5
117084 988 6,2
117084 1120 18,8
117084 1124 6,7
117084 1132 6,2
117084 1136 6,2
117084 1144 13,3
117084 1148 6,7
117084 1156 18,8
117084 1160 6,2
117084 1296 6,7
117084 1300 6,2
117084 1308 6,2
117084 1308 13,3
117084 1316 6,2
117084 1324 12,5
117084 1328 6,7
117084 1336 6,2
117084 1340 6,7
117084 1348 6,7
117084 1352 12,5
117084 1356 6,7
117084 1364 6,7
117084 1364 6,2
117084 1376 13,3
117084 1384 6,2
117084 1392 12,5
117084 1396 6,7
117084 1400 13,3
117084 1404 6,2
117084 1412 13,3
117084 1424 6,7
117084 1432 18,8
117265 988 0,0
117265 988 6,2
117265 1188 6,7
117265 1192 6,7
117265 1200 6,7
117265 1200 6,2
117265 1204 6,2
117265 1212 13,3
117265 1216 6,2
117265 1216 12,5
117265 1220 12,5
117265 1224 12,5
117265 1232 6,7
117265 1240 6,2
117265 1248 6,7
117265 1256 6,7
117265 1256 18,8
117265 1264 6,7
117265 1268 25,0
117265 1276 6,2
117265 1284 6,7
117265 1292 12,5
117265 1296 6,2
117265 1308 13,3
117265 1316 6,2
117265 1324 6,2
117265 1332 13,3
117265 1340 6,7
117265 1472 12,5
117265 1484 6,7
117265 1492 6,2
117265 1496 12,5
117265 1504 13,3
117450 940 12,5
117450 1136 6,2
117450 1140 20,0
117450 1144 6,2
117450 1216 12,5
117450 1220 6,7
117450 1224 12,5
117450 1232 6,2
117450 1236 6,7
117450 1244 12,5
117450 1248 13,3
117450 1252 6,2
117450 1256 6,2
117450 1256 6,7
117450 1264 12,5
117450 1272 12,5
117450 1276 6,7
117450 1288 6,2
117450 1292 12,5
117450 1300 12,5
117450 1308 6,2
117450 1308 6,7
117450 1320 12,5
117450 1320 12,5
117450 1332 6,7
117450 1336 13,3
117450 1344 6,2
117450 1344 6,7
117450 1352 13,3
117450 1364 6,2
117450 1368 6,7
117450 1812 6,7
117637 952 6,7
117637 1084 12,5
117637 1088 6,7
117637 1092 0,0
117637 1096 20,0
117637 1104 6,7
117637 1108 6,2
117637 1112 12,5
117637 1120 6,7
117637 1128 12,5
117637 1132 6,7
117637 1208 12,5
117637 1212 6,2
117637 1220 13,3
117637 1224 6,2
117637 1232 12,5
117637 1236 6,7
117637 1240 0,0
117637 1244 12,5
117637 1252 13,3
117637 1260 6,2
117637 1264 6,2
117637 1272 13,3
117637 1280 12,5
117637 1284 6,7
117637 1296 6,2
117637 1300 6,7
117637 1304 13,3
117637 1740 6,2
117637 1744 6,7
117637 1740 13,3
117637 1700 6,2
117637 1592 13,3
117825 1132 11,8
117825 1136 12,5
117825 1140 12,5
117825 1144 13,3
117825 1152 6,7
117825 1156 18,8
117825 1160 13,3
117825 1168 6,2
117825 1172 6,7
117825 1176 12,5
117825 1180 13,3
117825 1188 6,2
117825 1196 12,5
117825 1204 6,7
117825 1208 6,2
117825 1212 12,5
117825 1284 13,3
117825 1288 6,2
117825 1292 6,2
117825 1300 6,2
117825 1308 6,7
117825 1312 6,7
117825 1320 12,5
117825 1328 6,7
117825 1336 6,7
117825 1340 12,5
117825 1348 6,7
117825 1356 6,7
117825 1368 12,5
117825 1372 13,3
117825 1380 6,2
117825 1660 12,5
118009 920 6,2
118009 920 12,5
118009 988 13,3
118009 992 6,2
118009 1000 6,2
118009 1132 13,3
118009 1136 6,2
118009 1136 13,3
118009 1140 12,5
118009 1152 6,7
118009 1160 12,5
118009 1164 6,2
118009 1168 12,5
118009 1176 6,2
118009 1180 13,3
118009 1188 6,2
118009 1196 12,5
118009 1204 13,3
118009 1208 6,2
118009 1220 6,2
118009 1228 13,3
118009 1232 12,5
118009 1240 6,7
118009 1244 6,2
118009 1252 6,7
118009 1252 6,2
118009 1260 13,3
118009 1264 6,7
118009 1276 12,5
118009 1660 0,0
118009 1668 13,3
118009 1568 18,8
118192 948 0,0
118192 1084 6,2
118192 1084 6,7
118192 1088 12,5
118192 1092 6,7
118192 1096 12,5
118192 1104 12,5
118192 1108 0,0
118192 1112 20,0
118192 1120 6,7
118192 1124 6,2
118192 1128 13,3
118192 1136 6,2
118192 1140 12,5
118192 1148 13,3
118192 1152 6,2
118192 1156 6,2
118192 1164 13,3
118192 1168 6,2
118192 1176 13,3
118192 1180 12,5
118192 1188 6,7
118192 1192 12,5
118192 1720 6,7
118192 1736 0,0
118192 1740 0,0
118192 1708 13,3
118192 1716 6,2
118192 1724 6,2
118192 1732 13,3
118192 1744 18,8
118192 1752 12,5
118382 948 25,0
118382 1080 6,2
118382 1088 6,2
118382 1092 13,3
118382 1096 6,2
118382 1100 6,7
118382 1108 12,5
118382 1112 6,2
118382 1112 13,3
118382 1116 6,2
118382 1120 6,2
118382 1196 6,7
118382 1200 12,5
118382 1208 13,3
118382 1212 6,2
118382 1220 6,7
118382 1228 12,5
118382 1232 13,3
118382 1248 6,2
118382 1248 6,2
118382 1716 6,7
118382 1716 6,2
118382 1720 13,3
118382 1728 13,3
118382 1732 0,0
118382 1732 13,3
118382 1736 6,2
118382 1740 12,5
118382 1752 12,5
118382 1756 6,2
118382 1764 12,5
118382 1468 13,3
118570 936 6,2
118570 1200 6,2
118570 1200 6,2
118570 1204 6,2
118570 1212 12,5
118570 1216 13,3
118570 1224 6,2
118570 1228 12,5
118570 1232 6,7
118570 1240 6,2
118570 1240 12,5
118570 1248 6,7
118570 1252 12,5
118570 1256 6,2
118570 1264 13,3
118570 1268 6,2
118570 1276 13,3
118570 1284 6,2
118570 1288 13,3
118570 1300 6,2
118570 1304 6,2
118570 1312 6,7
118570 1316 13,3
118570 1324 6,2
118570 1332 6,7
118570 1340 6,2
118570 1348 6,2
118570 1352 13,3
118570 1360 12,5
118570 1364 6,7
118570 1788 6,2
118570 1788 18,8
118754 948 6,2
118754 1080 6,2
118754 1084 13,3
118754 1088 12,5
118754 1092 13,3
118754 1100 6,7
118754 1104 12,5
118754 1108 0,0
118754 1116 12,5
118754 1116 12,5
118754 1124 6,7
118754 1132 12,5
118754 1136 6,7
118754 1136 12,5
118754 1140 12,5
118754 1148 6,7
118754 1156 6,2
118754 1160 12,5
118754 1168 6,7
118754 1172 12,5
118754 1180 6,2
118754 1188 13,3
118754 1196 6,7
118754 1204 6,2
118754 1208 13,3
118754 1212 6,7
118754 1220 6,2
118754 1240 6,7
118754 1244 13,3
118754 1248 6,2
118754 1252 6,7
118754 1576 6,2
118754 1504 6,2
118947 1080 6,2
118947 1084 6,2
118947 1088 12,5
118947 1096 13,3
118947 1100 12,5
118947 1108 6,7
118947 1108 6,2
118947 1116 13,3
118947 1120 12,5
118947 1128 6,7
118947 1132 6,7
118947 1136 12,5
118947 1144 6,7
118947 1144 13,3
118947 1152 6,2
118947 1156 6,7
118947 1164 12,5
118947 1168 6,2
118947 1240 6,7
118947 1248 12,5
118947 1252 6,7
118947 1256 12,5
118947 1260 6,2
118947 1268 6,7
118947 1272 12,5
118947 1276 6,2
118947 1292 13,3
118947 1304 6,2
118947 1312 6,7
118947 1668 13,3
118947 1672 6,2
118947 1568 18,8
119128 1036 6,2
119128 1104 6,2
119128 1236 6,7
119128 1240 12,5
119128 1248 12,5
119128 1252 6,7
119128 1256 6,2
119128 1264 6,2
119128 1272 13,3
119128 1276 12,5
119128 1280 6,2
119128 1288 13,3
119128 1288 12,5
119128 1296 18,8
119128 1300 6,7
119128 1308 12,5
119128 1312 6,7
119128 1320 6,7
119128 1332 6,2
119128 1336 6,2
119128 1344 12,5
119128 1348 6,2
119128 1360 12,5
119128 1364 6,2
119128 1372 13,3
119128 1376 13,3
119128 1384 6,2
119128 1816 12,5
119128 1824 6,7
119128 1828 6,2
119128 1736 12,5
119128 1724 6,7
119309 920 0,0
119309 988 12,5
119309 992 6,7
119309 996 6,7
119309 1000 6,2
119309 1008 6,7
119309 1012 13,3
119309 1020 6,2
119309 1024 6,7
119309 1028 12,5
119309 1036 6,2
119309 1040 13,3
119309 1044 13,3
119309 1052 6,2
119309 1056 6,7
119309 1064 12,5
119309 1064 13,3
119309 1076 6,7
119309 1080 12,5
119309 1084 6,7
119309 1084 6,2
119309 1096 20,0
119309 1100 6,2
119309 1100 6,2
119309 1108 0,0
119309 1124 13,3
119309 1128 12,5
119309 1132 6,7
119309 1136 6,2
119309 1272 13,3
119309 1284 13,3
119309 1292 6,2
119309 1352 12,5
119504 1144 12,5
119504 1148 6,7
119504 1156 6,7
119504 1160 6,2
119504 1164 18,8
119504 1172 6,7
119504 1172 6,2
119504 1180 6,2
119504 1184 13,3
119504 1188 6,7
119504 1192 13,3
119504 1204 6,2
119504 1204 12,5
119504 1208 12,5
119504 1224 13,3
119504 1228 6,2
119504 1228 6,7
119504 1236 12,5
119504 1244 13,3
119504 1248 6,2
119504 1252 6,2
119504 1256 13,3
119504 1264 12,5
119504 1276 6,7
119504 1276 12,5
119504 1352 25,0
119504 1360 6,7
119504 1920 6,7
119504 1928 6,2
119504 1936 13,3
119504 1944 13,3
119504 1916 17,6
119686 936 6,2
119686 1132 12,5
119686 1136 6,2
119686 1140 6,7
119686 1140 13,3
119686 1144 6,2
119686 1152 13,3
119686 1160 6,2
119686 1160 12,5
119686 1164 6,7
119686 1172 12,5
119686 1176 6,7
119686 1180 6,2
119686 1188 12,5
119686 1192 6,7
119686 1196 6,7
119686 1204 13,3
119686 1208 12,5
119686 1220 6,7
119686 1224 6,2
119686 1232 6,2
119686 1236 6,7
119686 1244 6,7
119686 1248 18,8
119686 1256 6,7
119686 1260 6,7
119686 1264 6,2
119686 1272 13,3
119686 1280 6,2
119686 1292 13,3
119686 1368 12,5
119686 1384 6,7
119884 984 6,2
119884 1116 18,8
119884 1120 6,2
119884 1124 12,5
119884 1128 6,2
119884 1132 18,8
119884 1136 12,5
119884 1140 6,2
119884 1144 6,7
119884 1148 18,8
119884 1148 6,7
119884 1156 6,2
119884 1160 12,5
119884 1168 6,7
119884 1168 18,8
119884 1176 6,2
119884 1184 6,7
119884 1192 12,5
119884 1196 6,7
119884 1208 12,5
119884 1216 13,3
119884 1224 0,0
119884 1232 18,8
119884 1240 6,7
119884 1244 6,7
119884 1252 6,2
119884 1256 6,7
119884 1392 6,7
119884 1400 12,5
119884 1664 6,2
119884 1676 6,2
119884 1680 20,0
119884 1692 12,5
120069 1192 6,2
120069 1196 13,3
120069 1196 25,0
120069 1204 6,2
120069 1204 12,5
120069 1212 6,2
120069 1216 13,3
120069 1220 6,7
120069 1228 6,2
120069 1232 13,3
120069 1240 13,3
120069 1248 6,2
120069 1256 12,5
120069 1264 13,3
120069 1268 6,2
120069 1276 6,2
120069 1284 6,7
120069 1288 12,5
120069 1292 6,7
120069 1300 12,5
120069 1304 6,2
120069 1308 6,7
120069 1308 0,0
120069 1316 12,5
120069 1320 6,7
120069 1324 6,2
120069 1328 12,5
120069 1340 6,7
120069 1348 12,5
120069 1356 6,7
120069 1808 6,2
120069 1808 18,8
120250 948 12,5
120250 1084 12,5
120250 1088 6,2
120250 1088 6,7
120250 1088 13,3
120250 1096 6,2
120250 1104 12,5
120250 1108 6,7
120250 1112 12,5
120250 1116 6,7
120250 1116 6,2
120250 1120 18,8
120250 1128 6,7
120250 1132 6,2
120250 1140 12,5
120250 1148 13,3
120250 1152 6,2
120250 1160 12,5
120250 1168 6,7
120250 1176 13,3
120250 1188 6,2
120250 1192 12,5
120250 1204 13,3
120250 1208 6,7
120250 1212 13,3
120250 1224 6,2
120250 1228 13,3
120250 1240 6,7
120250 1248 6,2
120250 1256 6,7
120250 1260 6,2
120250 1264 18,8
120432 1008 6,2
120432 1204 6,7
120432 1212 6,2
120432 1212 6,7
120432 1216 12,5
120432 1224 6,2
120432 1228 6,7
120432 1228 6,2
120432 1236 6,7
120432 1240 6,7
120432 1248 6,2
120432 1248 20,0
120432 1252 6,7
120432 1260 12,5
120432 1264 13,3
120432 1268 6,7
120432 1276 6,2
120432 1280 13,3
120432 1288 12,5
120432 1296 0,0
120432 1300 13,3
120432 1308 12,5
120432 1388 6,7
120432 1392 13,3
120432 1396 6,2
120432 1904 12,5
120432 1916 6,7
120432 1920 12,5
120432 1920 6,7
120432 1900 12,5
120432 1904 13,3
120432 1912 13,3
120432 1652 11,8
120630 944 6,2
120630 1076 6,7
120630 1084 12,5
120630 1084 6,2
120630 1096 6,2
120630 1100 13,3
120630 1108 12,5
120630 1112 6,7
120630 1120 6,2
120630 1124 13,3
120630 1128 6,7
120630 1136 12,5
120630 1140 13,3
120630 1148 6,2
120630 1152 13,3
120630 1160 6,7
120630 1160 13,3
120630 1164 6,2
120630 1236 13,3
120630 1244 6,2
120630 1704 0,0
120630 1708 12,5
120630 1708 6,7
120630 1716 6,2
120630 1700 13,3
120630 1704 6,2
120630 1716 12,5
120630 1720 13,3
120630 1724 6,2
120630 1728 6,7
120630 1736 18,8
120630 1604 6,2
120814 920 11,8
120814 988 13,3
120814 992 6,7
120814 1000 6,2
120814 1000 6,2
120814 1008 13,3
120814 1012 6,2
120814 1016 12,5
120814 1024 6,7
120814 1028 12,5
120814 1032 12,5
120814 1040 6,2
120814 1040 13,3
120814 1044 12,5
120814 1180 6,7
120814 1184 12,5
120814 1188 6,2
120814 1200 13,3
120814 1204 12,5
120814 1212 6,7
120814 1216 12,5
120814 1220 6,2
120814 1220 12,5
120814 1228 13,3
120814 1236 6,2
120814 1244 6,7
120814 1248 6,2
120814 1264 6,2
120814 1272 6,7
120814 1276 6,2
120814 1280 18,8
120814 1296 6,2
53449 53175 53383 53837 53278 53317 53543 53503 53253 53522 53200 53356 53501 53009 53234 53177 54384 53640 53316 53319 53192 53388 53569 53317 54032 53469 53253 53500 53445 53392 53608 53401 53281 53929 53263 53547 53647 53437 53492 53436 53359 53217 53462 53388 53708 53422 53431 53834 53422 53494
